Classification Report:
              precision    recall  f1-score   support

        -1.0       0.00      0.00      0.00         0
         0.0       0.75      0.00      0.00     20469
         1.0       0.00      0.00      0.00       550
         2.0       0.00      0.00      0.00       598
         3.0       0.00      0.00      0.00       584
         4.0       0.00      0.00      0.00       637
         5.0       0.00      0.00      0.00       590
         6.0       0.00      0.01      0.01       579
         7.0       0.01      0.02      0.01       618
         8.0       0.01      0.03      0.01       573
         9.0       0.01      0.04      0.01       556
        10.0       0.01      0.06      0.02       680
        11.0       0.01      0.06      0.02       594
        12.0       0.01      0.06      0.02       582
        13.0       0.01      0.04      0.02       574
        14.0       0.01      0.03      0.01       557
        15.0       0.01      0.03      0.01       559
        16.0       0.02      0.06      0.03       588
        17.0       0.02      0.06      0.03       592
        18.0       0.01      0.03      0.01       588
        19.0       0.02      0.06      0.03       554
        20.0       0.02      0.05      0.02       631
        21.0       0.02      0.07      0.03       565
        22.0       0.01      0.02      0.01       567
        23.0       0.02      0.07      0.04       589
        24.0       0.01      0.03      0.02       578
        25.0       0.02      0.05      0.03       576
        26.0       0.02      0.03      0.02       593
        27.0       0.02      0.04      0.03       565
        28.0       0.03      0.04      0.03       566
        29.0       0.03      0.03      0.03       588
        30.0       0.00      0.00      0.00       546
        31.0       0.01      0.00      0.01       615
        32.0       0.00      0.00      0.00       566
        33.0       0.04      0.01      0.02       584
        34.0       0.00      0.00      0.00       571
        35.0       0.00      0.00      0.00       571
        36.0       0.00      0.00      0.00       535
        37.0       0.00      0.00      0.00       616
        38.0       0.00      0.00      0.00       619
        39.0       0.00      0.00      0.00       604
        40.0       0.00      0.00      0.00       600
        41.0       0.00      0.00      0.00       569
        42.0       0.00      0.00      0.00       593
        43.0       0.00      0.00      0.00       577
        44.0       0.00      0.00      0.00       535
        45.0       0.00      0.00      0.00       559
        46.0       0.00      0.00      0.00       590
        47.0       0.00      0.00      0.00       617
        48.0       0.00      0.00      0.00       611
        49.0       0.00      0.00      0.00       570
        50.0       0.00      0.00      0.00       584
        51.0       0.00      0.00      0.00       572
        52.0       0.00      0.00      0.00       581

    accuracy                           0.01     50825
   macro avg       0.02      0.02      0.01     50825
weighted avg       0.31      0.01      0.01     50825
